(0, -73000000380.0, 82, [0, 3, 9, 7, 8, 5, 1, 4, 6, 2, 0], -423.0, array([[27.49, 72.32],
       [89.47,  1.35],
       [20.91, 43.48],
       [20.03, 33.61],
       [16.94, 18.77],
       [44.22, 49.1 ],
       [42.51, 11.73],
       [83.18, 23.42],
       [37.15, 22.79],
       [92.46, 51.81]]))
(1, -124000000370.0, 133, [3, 0, 6, 2, 1, 7, 5, 4, 9, 8, 3], -474.0, array([[27.49, 72.32],
       [89.47,  1.35],
       [20.91, 43.48],
       [20.03, 33.61],
       [16.94, 18.77],
       [44.22, 49.1 ],
       [42.51, 11.73],
       [83.18, 23.42],
       [37.15, 22.79],
       [92.46, 51.81]]))
(2, -155000000325.0, 164, [3, 8, 4, 6, 1, 5, 7, 0, 2, 9, 3], -405.0, array([[27.49, 72.32],
       [89.47,  1.35],
       [20.91, 43.48],
       [20.03, 33.61],
       [16.94, 18.77],
       [44.22, 49.1 ],
       [42.51, 11.73],
       [83.18, 23.42],
       [37.15, 22.79],
       [92.46, 51.81]]))
(3, -308000000121.0, 317, [0, 9, 5, 4, 1, 7, 3, 2, 6, 8, 0], -379.0, array([[27.49, 72.32],
       [89.47,  1.35],
       [20.91, 43.48],
       [20.03, 33.61],
       [16.94, 18.77],
       [44.22, 49.1 ],
       [42.51, 11.73],
       [83.18, 23.42],
       [37.15, 22.79],
       [92.46, 51.81]]))
(4, -488000000039.0, 497, [6, 8, 0, 7, 3, 4, 1, 2, 9, 5, 6], -490.0, array([[27.49, 72.32],
       [89.47,  1.35],
       [20.91, 43.48],
       [20.03, 33.61],
       [16.94, 18.77],
       [44.22, 49.1 ],
       [42.51, 11.73],
       [83.18, 23.42],
       [37.15, 22.79],
       [92.46, 51.81]]))
(5, -533999999935.0, 543, [4, 5, 9, 1, 0, 8, 7, 3, 2, 6, 4], -442.0, array([[27.49, 72.32],
       [89.47,  1.35],
       [20.91, 43.48],
       [20.03, 33.61],
       [16.94, 18.77],
       [44.22, 49.1 ],
       [42.51, 11.73],
       [83.18, 23.42],
       [37.15, 22.79],
       [92.46, 51.81]]))
(6, -1044999999407.0, 1054, [3, 6, 9, 7, 8, 2, 0, 4, 1, 5, 3], -423.0, array([[27.49, 72.32],
       [89.47,  1.35],
       [20.91, 43.48],
       [20.03, 33.61],
       [16.94, 18.77],
       [44.22, 49.1 ],
       [42.51, 11.73],
       [83.18, 23.42],
       [37.15, 22.79],
       [92.46, 51.81]]))
(7, -994999999417.0, 1004, [4, 5, 0, 2, 3, 7, 9, 6, 8, 1, 4], -337.0, array([[27.49, 72.32],
       [89.47,  1.35],
       [20.91, 43.48],
       [20.03, 33.61],
       [16.94, 18.77],
       [44.22, 49.1 ],
       [42.51, 11.73],
       [83.18, 23.42],
       [37.15, 22.79],
       [92.46, 51.81]]))
(8, -1491999998969.0, 1501, [8, 1, 3, 4, 0, 6, 7, 9, 2, 5, 8], -434.0, array([[27.49, 72.32],
       [89.47,  1.35],
       [20.91, 43.48],
       [20.03, 33.61],
       [16.94, 18.77],
       [44.22, 49.1 ],
       [42.51, 11.73],
       [83.18, 23.42],
       [37.15, 22.79],
       [92.46, 51.81]]))
(9, -1134999999389.0, 1144, [4, 5, 2, 0, 7, 8, 9, 6, 3, 1, 4], -449.0, array([[27.49, 72.32],
       [89.47,  1.35],
       [20.91, 43.48],
       [20.03, 33.61],
       [16.94, 18.77],
       [44.22, 49.1 ],
       [42.51, 11.73],
       [83.18, 23.42],
       [37.15, 22.79],
       [92.46, 51.81]]))
